2023-09-25 19:54:17.043697
Nearest Neighborsscores 
[0.74074074 0.80701754 0.6440678  0.60377358 0.62962963 0.74193548
 0.74576271 0.69090909 0.73333333 0.73684211] mean: 0.7074012020986806
Linear SVMscores 
[0.90322581 0.87096774 0.83333333 0.75862069 0.72413793 0.8125
 0.78571429 0.84745763 0.72413793 0.77966102] mean: 0.8039756363226649
RBF SVMscores 
[0.8125     0.78787879 0.69565217 0.73015873 0.67692308 0.74285714
 0.8        0.81967213 0.79365079 0.76190476] mean: 0.7621197598433878
Gaussian Processscores 
[0.8        0.84745763 0.79365079 0.71428571 0.71698113 0.83870968
 0.78571429 0.84210526 0.73684211 0.69090909] mean: 0.7766655689594408
Decision Treescores 
[0.80701754 0.72131148 0.76923077 0.68965517 0.63157895 0.81818182
 0.75       0.81967213 0.8        0.73684211] mean: 0.7543489962874986
Random Forestscores 
[0.81355932 0.78688525 0.74576271 0.73684211 0.77192982 0.8
 0.79365079 0.76666667 0.73333333 0.78571429] mean: 0.7734344288989585
Neural Netscores 
[0.8        0.86666667 0.79365079 0.71428571 0.74074074 0.85714286
 0.77777778 0.82758621 0.75862069 0.67857143] mean: 0.7815042875387703
AdaBoostscores 
[0.81481481 0.72727273 0.75862069 0.72727273 0.75471698 0.83076923
 0.71428571 0.84745763 0.74576271 0.72413793] mean: 0.7645111155219995
Naive Bayesscores 
[0.88888889 0.87096774 0.8        0.68965517 0.76923077 0.80645161
 0.75862069 0.71428571 0.66666667 0.71698113] mean: 0.7681748388055187
QDAscores 
[0.86206897 0.86666667 0.78688525 0.7037037  0.76       0.82539683
 0.71428571 0.77192982 0.72727273 0.64      ] mean: 0.765820967330592
Nearest Neighborsscores 
[0.76666667 0.80645161 0.71428571 0.62745098 0.70833333 0.84745763
 0.75       0.75862069 0.73333333 0.67924528] mean: 0.7391845240707114
Linear SVMscores 
[0.85714286 0.84375    0.81967213 0.81481481 0.74074074 0.86666667
 0.79310345 0.82539683 0.71186441 0.75      ] mean: 0.8023151890964968
RBF SVMscores 
[0.80597015 0.78787879 0.73846154 0.73333333 0.73076923 0.77192982
 0.77419355 0.7761194  0.73015873 0.74193548] mean: 0.7590750029659895
Gaussian Processscores 
[0.81967213 0.87096774 0.81355932 0.79166667 0.75471698 0.88135593
 0.79310345 0.83333333 0.75       0.75471698] mean: 0.8063092537860326
Decision Treescores 
[0.53846154 0.75409836 0.76666667 0.81481481 0.8        0.86666667
 0.76363636 0.8        0.69090909 0.72131148] mean: 0.7516564977220715
Random Forestscores 
[0.76190476 0.8125     0.81967213 0.78571429 0.77192982 0.85245902
 0.72131148 0.78125    0.76666667 0.71428571] mean: 0.7787693876083651
Neural Netscores 
[0.81355932 0.87096774 0.8        0.84       0.76923077 0.8852459
 0.77192982 0.83333333 0.77192982 0.75471698] mean: 0.8110913698427712
AdaBoostscores 
[0.75862069 0.77419355 0.76666667 0.76       0.8        0.9
 0.78571429 0.79310345 0.73684211 0.76363636] mean: 0.7838777107598606
Naive Bayesscores 
[0.875      0.83870968 0.8        0.78431373 0.78431373 0.86206897
 0.74576271 0.71186441 0.7037037  0.7037037 ] mean: 0.7809440619968464
QDAscores 
[0.84848485 0.83333333 0.80701754 0.8        0.7826087  0.88135593
 0.72727273 0.77966102 0.75471698 0.7037037 ] mean: 0.7918154782591054
Nearest Neighborsscores 
[0.7037037  0.73846154 0.73076923 0.71428571 0.65454545 0.77419355
 0.67857143 0.74193548 0.82142857 0.74193548] mean: 0.7299830157894674
Linear SVMscores 
[0.90322581 0.80597015 0.84745763 0.75409836 0.68965517 0.78787879
 0.8        0.84745763 0.77192982 0.78688525] mean: 0.7994558601353994
RBF SVMscores 
[0.79365079 0.71428571 0.6779661  0.73684211 0.60377358 0.72727273
 0.70967742 0.8        0.74626866 0.70769231] mean: 0.7217429410836533
Gaussian Processscores 
[0.82758621 0.84375    0.82758621 0.71428571 0.71428571 0.8
 0.74576271 0.85714286 0.77777778 0.69090909] mean: 0.7799086280058664
Decision Treescores 
[0.77966102 0.77966102 0.77192982 0.68965517 0.67857143 0.7761194
 0.77966102 0.74509804 0.75471698 0.74576271] mean: 0.7500836611591326
Random Forestscores 
[0.67924528 0.78787879 0.78688525 0.65517241 0.70175439 0.7826087
 0.76666667 0.75862069 0.77419355 0.75862069] mean: 0.7451646406573593
Neural Netscores 
[0.80701754 0.83870968 0.82758621 0.71428571 0.71428571 0.8
 0.76666667 0.85245902 0.76363636 0.69090909] mean: 0.7775555994352548
AdaBoostscores 
[0.67924528 0.85245902 0.77192982 0.75       0.66666667 0.8
 0.68965517 0.77419355 0.75471698 0.75      ] mean: 0.7488866492573345
Naive Bayesscores 
[0.88888889 0.81818182 0.80701754 0.73684211 0.72727273 0.76923077
 0.75       0.74074074 0.65454545 0.75      ] mean: 0.7642720047983206
QDAscores 
[0.88888889 0.81967213 0.72727273 0.71698113 0.62745098 0.78125
 0.71428571 0.82142857 0.73684211 0.71428571] mean: 0.7548357965039943
Nearest Neighborsscores 
[0.76666667 0.78125    0.82142857 0.7037037  0.70175439 0.82758621
 0.6779661  0.77192982 0.78571429 0.73333333] mean: 0.7571333079964344
Linear SVMscores 
[0.88888889 0.78787879 0.87719298 0.78571429 0.75471698 0.85714286
 0.74576271 0.83333333 0.77192982 0.74576271] mean: 0.8048323364836586
RBF SVMscores 
[0.76470588 0.70588235 0.72727273 0.72131148 0.67857143 0.77419355
 0.68852459 0.80645161 0.83333333 0.65625   ] mean: 0.73564969513357
Gaussian Processscores 
[0.86666667 0.78787879 0.87719298 0.73076923 0.76       0.87096774
 0.78571429 0.82758621 0.76363636 0.69230769] mean: 0.7962719958261204
Decision Treescores 
[0.78571429 0.8125     0.77192982 0.83333333 0.72727273 0.85245902
 0.73684211 0.81967213 0.75862069 0.74576271] mean: 0.784410682520547
Random Forestscores 
[0.74193548 0.75757576 0.82758621 0.74074074 0.73684211 0.82539683
 0.81355932 0.8        0.80645161 0.73333333] mean: 0.7783421388014459
Neural Netscores 
[0.82758621 0.8        0.87719298 0.75471698 0.7755102  0.87096774
 0.75862069 0.88135593 0.76363636 0.67924528] mean: 0.7988832385015677
AdaBoostscores 
[0.87719298 0.74193548 0.80701754 0.75       0.75471698 0.9
 0.77192982 0.81355932 0.77966102 0.76363636] mean: 0.795964951849965
Naive Bayesscores 
[0.88888889 0.7761194  0.82758621 0.76923077 0.75471698 0.84745763
 0.77192982 0.70588235 0.7037037  0.70588235] mean: 0.7751398110399464
QDAscores 
[0.90322581 0.8125     0.85714286 0.72       0.66666667 0.87096774
 0.7037037  0.78571429 0.78571429 0.64      ] mean: 0.7745635347328895
Nearest Neighborsscores 
[0.78571429 0.87719298 0.63157895 0.61818182 0.62295082 0.74193548
 0.73684211 0.83636364 0.62962963 0.71186441] mean: 0.719225411529985
Linear SVMscores 
[0.88888889 0.9        0.78125    0.71186441 0.7        0.8125
 0.78688525 0.90909091 0.73333333 0.71428571] mean: 0.7938098498280146
RBF SVMscores 
[0.84745763 0.83333333 0.66666667 0.59016393 0.67692308 0.73529412
 0.6440678  0.81355932 0.71186441 0.67741935] mean: 0.7196749636377449
Gaussian Processscores 
[0.91525424 0.9122807  0.75409836 0.75       0.65517241 0.84375
 0.77966102 0.88888889 0.72413793 0.73076923] mean: 0.7954012781133117
Decision Treescores 
[0.77966102 0.82352941 0.72       0.64150943 0.6122449  0.8125
 0.66666667 0.76       0.74193548 0.69090909] mean: 0.7248956002082032
Random Forestscores 
[0.77966102 0.88135593 0.72727273 0.75409836 0.6779661  0.78125
 0.78125    0.91525424 0.6875     0.74074074] mean: 0.7726349116804799
Neural Netscores 
[0.88135593 0.9122807  0.8        0.75       0.6779661  0.84375
 0.72413793 0.88888889 0.72413793 0.7037037 ] mean: 0.7906221190314249
AdaBoostscores 
[0.8852459  0.83636364 0.74193548 0.72727273 0.60714286 0.84375
 0.75862069 0.89655172 0.76363636 0.71698113] mean: 0.7777500515794472
Naive Bayesscores 
[0.86153846 0.86666667 0.71186441 0.7037037  0.68965517 0.78125
 0.75862069 0.76       0.63157895 0.66666667] mean: 0.7431544714792546
QDAscores 
[0.88888889 0.88135593 0.76666667 0.70588235 0.65454545 0.8
 0.75       0.83018868 0.65517241 0.67924528] mean: 0.7611945671302831
Nearest Neighborsscores 
[0.68852459 0.75862069 0.67857143 0.66666667 0.66666667 0.8
 0.64285714 0.68852459 0.72727273 0.75      ] mean: 0.7067704502017673
Linear SVMscores 
[0.82352941 0.82539683 0.81967213 0.73333333 0.75471698 0.83870968
 0.75409836 0.85245902 0.79310345 0.75862069] mean: 0.795363987517405
RBF SVMscores 
[0.68656716 0.7761194  0.6969697  0.64705882 0.61818182 0.76190476
 0.6557377  0.78125    0.72727273 0.71186441] mean: 0.7062926506720288
Gaussian Processscores 
[0.83870968 0.82539683 0.81355932 0.73684211 0.76923077 0.85245902
 0.73684211 0.76363636 0.75       0.71698113] mean: 0.7803657316712441
Decision Treescores 
[0.82352941 0.8125     0.76190476 0.76666667 0.8        0.79365079
 0.7        0.74193548 0.69090909 0.73684211] mean: 0.7627938314030145
Random Forestscores 
[0.75       0.78688525 0.76666667 0.67741935 0.78571429 0.80645161
 0.74626866 0.75       0.73684211 0.71428571] mean: 0.7520533642289817
Neural Netscores 
[0.77966102 0.80645161 0.83333333 0.77192982 0.74509804 0.85245902
 0.73684211 0.76363636 0.75       0.69230769] mean: 0.7731719004563458
AdaBoostscores 
[0.78571429 0.81355932 0.77192982 0.70175439 0.78431373 0.83870968
 0.75409836 0.77966102 0.77966102 0.73684211] mean: 0.7746243721001251
Naive Bayesscores 
[0.82352941 0.80645161 0.82758621 0.71186441 0.75471698 0.84745763
 0.73333333 0.72727273 0.67924528 0.74074074] mean: 0.7652198330960533
QDAscores 
[0.79411765 0.80645161 0.82758621 0.67924528 0.74509804 0.83333333
 0.68852459 0.78571429 0.77192982 0.64150943] mean: 0.7573510256828377
Nearest Neighborsscores 
[0.6779661  0.75       0.65517241 0.72       0.67924528 0.9
 0.75       0.81967213 0.81355932 0.73846154] mean: 0.7504076790149864
Linear SVMscores 
[0.91803279 0.78787879 0.75757576 0.87272727 0.71428571 0.83076923
 0.81355932 0.85714286 0.78688525 0.75      ] mean: 0.8088856975200404
RBF SVMscores 
[0.76923077 0.75757576 0.6984127  0.74074074 0.68965517 0.8852459
 0.80645161 0.79365079 0.8125     0.70967742] mean: 0.7663140865921962
Gaussian Processscores 
[0.8        0.76190476 0.79365079 0.82352941 0.74074074 0.85714286
 0.79310345 0.86666667 0.80701754 0.65454545] mean: 0.789830167855149
Decision Treescores 
[0.81967213 0.83333333 0.76190476 0.74509804 0.75862069 0.88135593
 0.81355932 0.85714286 0.75       0.72413793] mean: 0.7944824997671123
Random Forestscores 
[0.87719298 0.8115942  0.72727273 0.76923077 0.77192982 0.83076923
 0.78571429 0.78125    0.82539683 0.72131148] mean: 0.7901662323709769
Neural Netscores 
[0.76923077 0.80645161 0.78125    0.84       0.74074074 0.85714286
 0.79310345 0.83333333 0.82142857 0.62962963] mean: 0.787231096268499
AdaBoostscores 
[0.8        0.77192982 0.78688525 0.76       0.75       0.87096774
 0.76363636 0.75862069 0.73333333 0.67857143] mean: 0.7673944627594825
Naive Bayesscores 
[0.9        0.8        0.75       0.77777778 0.71428571 0.83333333
 0.78571429 0.74576271 0.67924528 0.72413793] mean: 0.7710257037028869
QDAscores 
[0.85714286 0.83076923 0.76190476 0.80769231 0.71698113 0.83333333
 0.7037037  0.80701754 0.80701754 0.69090909] mean: 0.7816471505250056
Nearest Neighborsscores 
[0.83333333 0.76666667 0.72727273 0.67857143 0.65454545 0.76666667
 0.74509804 0.81355932 0.80701754 0.76923077] mean: 0.756196195139628
Linear SVMscores 
[0.875      0.83870968 0.84745763 0.75862069 0.68965517 0.82539683
 0.78571429 0.86666667 0.81481481 0.81481481] mean: 0.8116850574014371
RBF SVMscores 
[0.90322581 0.7761194  0.81967213 0.76470588 0.64516129 0.71641791
 0.75862069 0.76470588 0.83333333 0.76666667] mean: 0.7748628995715625
Gaussian Processscores 
[0.85714286 0.8        0.83636364 0.75862069 0.75471698 0.83870968
 0.8        0.76363636 0.77777778 0.76      ] mean: 0.7946967983127238
Decision Treescores 
[0.58333333 0.81818182 0.84745763 0.77966102 0.66666667 0.82758621
 0.78571429 0.87096774 0.81355932 0.77192982] mean: 0.7765057843391238
Random Forestscores 
[0.8        0.84375    0.8        0.77192982 0.74576271 0.79365079
 0.81481481 0.77419355 0.81967213 0.75862069] mean: 0.792239451408123
Neural Netscores 
[0.77966102 0.81967213 0.82142857 0.77966102 0.74074074 0.87096774
 0.8        0.78571429 0.77777778 0.73469388] mean: 0.7910317160193726
AdaBoostscores 
[0.75471698 0.82539683 0.76363636 0.72727273 0.69090909 0.85245902
 0.85185185 0.83333333 0.81355932 0.78571429] mean: 0.7898849797673895
Naive Bayesscores 
[0.86153846 0.88135593 0.77777778 0.70175439 0.74074074 0.83333333
 0.83018868 0.7037037  0.73469388 0.76923077] mean: 0.7834317661289392
QDAscores 
[0.86153846 0.83870968 0.75471698 0.72413793 0.69230769 0.78688525
 0.74509804 0.79310345 0.80769231 0.69387755] mean: 0.769806733553797
Nearest Neighborsscores 
[0.76923077 0.80645161 0.78571429 0.61016949 0.76       0.85185185
 0.72413793 0.85714286 0.77192982 0.78688525] mean: 0.7723513869865939
Linear SVMscores 
[0.8358209  0.8852459  0.80645161 0.74576271 0.82352941 0.92857143
 0.75409836 0.88135593 0.73333333 0.80701754] mean: 0.820118713231761
RBF SVMscores 
[0.76470588 0.80597015 0.78688525 0.66666667 0.67857143 0.80645161
 0.73846154 0.76923077 0.70967742 0.6984127 ] mean: 0.7425033411109478
Gaussian Processscores 
[0.8        0.8852459  0.83333333 0.75       0.7755102  0.92857143
 0.77966102 0.85714286 0.71186441 0.72727273] mean: 0.8048601875770137
Decision Treescores 
[0.75757576 0.86206897 0.80645161 0.61818182 0.85714286 0.91525424
 0.71186441 0.83333333 0.78688525 0.7037037 ] mean: 0.7852461938327374
Random Forestscores 
[0.6875     0.85714286 0.78688525 0.70769231 0.8        0.9122807
 0.75409836 0.81355932 0.7        0.70175439] mean: 0.7720913181145738
Neural Netscores 
[0.76923077 0.86666667 0.8        0.73684211 0.8        0.92857143
 0.77966102 0.87719298 0.71186441 0.75      ] mean: 0.8020029375916977
AdaBoostscores 
[0.73015873 0.80701754 0.75       0.73333333 0.76923077 0.92857143
 0.77419355 0.83333333 0.73333333 0.74074074] mean: 0.7799912760948414
Naive Bayesscores 
[0.8358209  0.86206897 0.78571429 0.70175439 0.8        0.90909091
 0.75862069 0.74509804 0.65454545 0.7037037 ] mean: 0.7756417328929753
QDAscores 
[0.8115942  0.88135593 0.72727273 0.67857143 0.73469388 0.90909091
 0.75       0.88888889 0.64150943 0.68      ] mean: 0.7702977400439179
Nearest Neighborsscores 
[0.8        0.8        0.71698113 0.75862069 0.74074074 0.84210526
 0.75862069 0.76666667 0.76666667 0.76190476] mean: 0.7712306610522547
Linear SVMscores 
[0.86153846 0.87096774 0.84745763 0.77777778 0.76363636 0.83870968
 0.80701754 0.85245902 0.75862069 0.73333333] mean: 0.8111518232667685
RBF SVMscores 
[0.8115942  0.80645161 0.76666667 0.75362319 0.66666667 0.75
 0.73333333 0.75362319 0.79365079 0.71641791] mean: 0.7552027563378594
Gaussian Processscores 
[0.81355932 0.86206897 0.82758621 0.81481481 0.75471698 0.86666667
 0.81481481 0.83333333 0.73684211 0.73684211] mean: 0.8061245315735711
Decision Treescores 
[0.90322581 0.83076923 0.78571429 0.78688525 0.65384615 0.85714286
 0.77777778 0.84375    0.75862069 0.73684211] mean: 0.7934574152521888
Random Forestscores 
[0.64516129 0.80645161 0.80645161 0.75862069 0.76363636 0.85714286
 0.86206897 0.85245902 0.80645161 0.74576271] mean: 0.7904206733241741
Neural Netscores 
[0.8        0.84210526 0.84745763 0.81481481 0.74074074 0.8852459
 0.81481481 0.81355932 0.73684211 0.71428571] mean: 0.8009866303869023
AdaBoostscores 
[0.79310345 0.81355932 0.80701754 0.77777778 0.62745098 0.8852459
 0.76923077 0.78688525 0.80701754 0.75862069] mean: 0.7825909222625919
Naive Bayesscores 
[0.84848485 0.87096774 0.77419355 0.77777778 0.74074074 0.84745763
 0.77192982 0.74074074 0.67857143 0.73333333] mean: 0.7784197611651498
QDAscores 
[0.86666667 0.83870968 0.77419355 0.76923077 0.71698113 0.87719298
 0.8        0.81355932 0.75862069 0.70175439] mean: 0.7916909173889483
2023-09-25 19:55:13.015252
Nearest Neighborsscores 
[0.75       0.92857143 0.77777778 0.66666667 0.66666667 0.92592593
 0.64285714 0.71428571 0.75       0.67857143] mean: 0.7501322751322752
Linear SVMscores 
[1.         0.96428571 0.92592593 0.77777778 0.77777778 0.96296296
 0.82142857 0.85714286 0.75       0.78571429] mean: 0.8623015873015873
RBF SVMscores 
[0.96428571 0.96428571 0.88888889 0.92592593 0.81481481 0.88888889
 0.82142857 0.85714286 0.78571429 0.71428571] mean: 0.8625661375661375
Gaussian Processscores 
[0.92857143 0.96428571 0.88888889 0.74074074 0.7037037  1.
 0.78571429 0.85714286 0.75       0.64285714] mean: 0.8261904761904761
Decision Treescores 
[0.82142857 0.82142857 0.92592593 0.74074074 0.62962963 0.96296296
 0.60714286 0.75       0.60714286 0.67857143] mean: 0.7544973544973546
Random Forestscores 
[0.85714286 0.96428571 0.85185185 0.77777778 0.77777778 1.
 0.85714286 0.85714286 0.85714286 0.71428571] mean: 0.8514550264550265
Neural Netscores 
[0.92857143 0.92857143 0.88888889 0.77777778 0.7037037  1.
 0.78571429 0.85714286 0.75       0.75      ] mean: 0.837037037037037
AdaBoostscores 
[0.92857143 0.82142857 0.81481481 0.77777778 0.66666667 1.
 0.71428571 0.85714286 0.71428571 0.67857143] mean: 0.7973544973544974
Naive Bayesscores 
[1.         0.89285714 0.77777778 0.66666667 0.74074074 0.88888889
 0.75       0.64285714 0.64285714 0.53571429] mean: 0.7538359788359787
QDAscores 
[1.         0.92857143 0.77777778 0.66666667 0.66666667 0.92592593
 0.67857143 0.78571429 0.64285714 0.53571429] mean: 0.7608465608465609
Nearest Neighborsscores 
[0.75       0.89285714 0.74074074 0.66666667 0.81481481 0.81481481
 0.71428571 0.78571429 0.89285714 0.71428571] mean: 0.7787037037037038
Linear SVMscores 
[1.         0.92857143 0.92592593 0.85185185 0.74074074 0.96296296
 0.85714286 0.89285714 0.75       0.85714286] mean: 0.8767195767195768
RBF SVMscores 
[0.96428571 0.92857143 0.81481481 0.85185185 0.7037037  0.77777778
 0.78571429 0.89285714 0.92857143 0.89285714] mean: 0.8541005291005291
Gaussian Processscores 
[0.96428571 0.92857143 0.88888889 0.81481481 0.7037037  0.92592593
 0.78571429 0.89285714 0.75       0.67857143] mean: 0.8333333333333334
Decision Treescores 
[1.         0.82142857 0.74074074 0.85185185 0.74074074 0.96296296
 0.78571429 0.96428571 0.67857143 0.71428571] mean: 0.8260582010582009
Random Forestscores 
[0.82142857 0.92857143 0.88888889 0.81481481 0.74074074 0.88888889
 0.82142857 0.82142857 0.78571429 0.75      ] mean: 0.8261904761904763
Neural Netscores 
[0.89285714 0.92857143 0.92592593 0.81481481 0.7037037  0.96296296
 0.78571429 0.92857143 0.75       0.71428571] mean: 0.8407407407407407
AdaBoostscores 
[0.85714286 0.78571429 0.92592593 0.81481481 0.66666667 0.88888889
 0.78571429 0.89285714 0.78571429 0.71428571] mean: 0.8117724867724867
Naive Bayesscores 
[1.         0.92857143 0.85185185 0.77777778 0.74074074 0.92592593
 0.78571429 0.67857143 0.67857143 0.67857143] mean: 0.8046296296296298
QDAscores 
[1.         0.92857143 0.85185185 0.77777778 0.7037037  0.92592593
 0.67857143 0.78571429 0.75       0.71428571] mean: 0.8116402116402117
Nearest Neighborsscores 
[0.78571429 0.89285714 0.74074074 0.7037037  0.66666667 0.81481481
 0.78571429 0.78571429 0.60714286 0.75      ] mean: 0.7533068783068783
Linear SVMscores 
[1.         0.92857143 0.92592593 0.81481481 0.74074074 0.96296296
 0.78571429 0.92857143 0.78571429 0.82142857] mean: 0.8694444444444445
RBF SVMscores 
[0.96428571 0.92857143 0.92592593 0.92592593 0.81481481 0.88888889
 0.82142857 0.89285714 0.85714286 0.75      ] mean: 0.8769841269841271
Gaussian Processscores 
[0.96428571 0.96428571 0.92592593 0.74074074 0.74074074 0.96296296
 0.78571429 0.78571429 0.75       0.64285714] mean: 0.8263227513227512
Decision Treescores 
[0.89285714 0.78571429 0.85185185 0.62962963 0.77777778 1.
 0.71428571 0.89285714 0.67857143 0.78571429] mean: 0.8009259259259259
Random Forestscores 
[1.         0.89285714 0.81481481 0.85185185 0.77777778 0.96296296
 0.85714286 0.82142857 0.85714286 0.75      ] mean: 0.8585978835978836
Neural Netscores 
[0.96428571 0.96428571 0.92592593 0.74074074 0.74074074 1.
 0.82142857 0.78571429 0.75       0.67857143] mean: 0.8371693121693122
AdaBoostscores 
[0.85714286 0.92857143 0.77777778 0.74074074 0.62962963 0.92592593
 0.67857143 0.82142857 0.64285714 0.64285714] mean: 0.7645502645502645
Naive Bayesscores 
[1.         0.89285714 0.81481481 0.74074074 0.74074074 0.92592593
 0.78571429 0.60714286 0.64285714 0.60714286] mean: 0.7757936507936508
QDAscores 
[1.         0.92857143 0.66666667 0.7037037  0.62962963 0.88888889
 0.71428571 0.75       0.64285714 0.67857143] mean: 0.7603174603174604
Nearest Neighborsscores 
[0.71428571 0.82142857 0.85185185 0.7037037  0.55555556 0.85185185
 0.71428571 0.64285714 0.71428571 0.89285714] mean: 0.7462962962962963
Linear SVMscores 
[1.         0.96428571 0.92592593 0.77777778 0.77777778 0.96296296
 0.85714286 0.89285714 0.82142857 0.78571429] mean: 0.8765873015873016
RBF SVMscores 
[0.89285714 0.82142857 0.92592593 0.74074074 0.55555556 1.
 0.64285714 0.89285714 0.85714286 0.82142857] mean: 0.8150793650793651
Gaussian Processscores 
[0.96428571 0.92857143 0.92592593 0.7037037  0.7037037  0.96296296
 0.78571429 0.82142857 0.75       0.64285714] mean: 0.8189153439153438
Decision Treescores 
[0.85714286 0.78571429 0.7037037  0.74074074 0.55555556 1.
 0.60714286 0.82142857 0.64285714 0.64285714] mean: 0.7357142857142858
Random Forestscores 
[0.92857143 0.85714286 0.77777778 0.66666667 0.74074074 0.88888889
 0.89285714 0.89285714 0.78571429 0.71428571] mean: 0.8145502645502646
Neural Netscores 
[0.92857143 0.96428571 0.92592593 0.74074074 0.7037037  1.
 0.82142857 0.82142857 0.75       0.64285714] mean: 0.8298941798941799
AdaBoostscores 
[0.92857143 0.78571429 0.77777778 0.62962963 0.59259259 0.96296296
 0.75       0.78571429 0.82142857 0.67857143] mean: 0.7712962962962963
Naive Bayesscores 
[1.         0.89285714 0.74074074 0.66666667 0.74074074 0.92592593
 0.78571429 0.64285714 0.64285714 0.64285714] mean: 0.7681216931216932
QDAscores 
[1.         0.92857143 0.81481481 0.7037037  0.66666667 0.85185185
 0.60714286 0.75       0.67857143 0.60714286] mean: 0.7608465608465609
Nearest Neighborsscores 
[0.71428571 0.82142857 0.77777778 0.7037037  0.74074074 1.
 0.78571429 0.78571429 0.78571429 0.71428571] mean: 0.7829365079365079
Linear SVMscores 
[1.         0.96428571 0.92592593 0.81481481 0.77777778 0.96296296
 0.82142857 0.89285714 0.82142857 0.75      ] mean: 0.8731481481481481
RBF SVMscores 
[0.89285714 0.85714286 0.85185185 0.88888889 0.62962963 0.85185185
 0.85714286 0.89285714 0.82142857 0.85714286] mean: 0.840079365079365
Gaussian Processscores 
[0.78571429 0.92857143 0.81481481 0.74074074 0.77777778 0.96296296
 0.85714286 0.85714286 0.75       0.71428571] mean: 0.8189153439153438
Decision Treescores 
[0.85714286 0.89285714 0.88888889 0.55555556 0.59259259 0.92592593
 0.85714286 0.85714286 0.85714286 0.71428571] mean: 0.7998677248677248
Random Forestscores 
[0.78571429 0.89285714 0.85185185 0.81481481 0.74074074 1.
 0.89285714 0.89285714 0.75       0.75      ] mean: 0.8371693121693122
Neural Netscores 
[0.71428571 0.92857143 0.85185185 0.74074074 0.74074074 1.
 0.85714286 0.89285714 0.78571429 0.71428571] mean: 0.8226190476190476
AdaBoostscores 
[0.71428571 0.71428571 0.81481481 0.66666667 0.62962963 0.96296296
 0.78571429 0.89285714 0.75       0.64285714] mean: 0.7574074074074074
Naive Bayesscores 
[1.         0.89285714 0.85185185 0.7037037  0.77777778 0.92592593
 0.82142857 0.67857143 0.67857143 0.67857143] mean: 0.8009259259259259
QDAscores 
[0.89285714 0.92857143 0.81481481 0.66666667 0.59259259 0.92592593
 0.71428571 0.75       0.67857143 0.60714286] mean: 0.7571428571428572
Nearest Neighborsscores 
[0.92857143 0.82142857 0.74074074 0.77777778 0.7037037  1.
 0.82142857 0.89285714 0.71428571 0.85714286] mean: 0.8257936507936507
Linear SVMscores 
[1.         0.96428571 0.92592593 0.81481481 0.77777778 0.96296296
 0.85714286 0.92857143 0.78571429 0.85714286] mean: 0.8874338624338625
RBF SVMscores 
[1.         0.92857143 0.85185185 0.92592593 0.85185185 0.92592593
 0.82142857 0.92857143 0.82142857 0.82142857] mean: 0.8876984126984127
Gaussian Processscores 
[0.96428571 0.92857143 0.81481481 0.81481481 0.74074074 0.96296296
 0.85714286 0.85714286 0.78571429 0.75      ] mean: 0.8476190476190475
Decision Treescores 
[0.96428571 0.82142857 0.85185185 0.85185185 0.77777778 1.
 0.92857143 0.96428571 0.92857143 0.64285714] mean: 0.8731481481481481
Random Forestscores 
[0.92857143 0.96428571 0.88888889 0.85185185 0.7037037  0.96296296
 0.78571429 0.82142857 0.82142857 0.78571429] mean: 0.8514550264550265
Neural Netscores 
[0.96428571 0.96428571 0.88888889 0.77777778 0.7037037  0.96296296
 0.82142857 0.85714286 0.75       0.67857143] mean: 0.8369047619047618
AdaBoostscores 
[0.82142857 0.85714286 0.81481481 0.77777778 0.74074074 1.
 0.78571429 0.85714286 0.85714286 0.75      ] mean: 0.8261904761904763
Naive Bayesscores 
[1.         0.89285714 0.85185185 0.77777778 0.74074074 0.92592593
 0.78571429 0.67857143 0.67857143 0.67857143] mean: 0.8010582010582011
QDAscores 
[1.         0.92857143 0.77777778 0.7037037  0.7037037  0.96296296
 0.71428571 0.85714286 0.78571429 0.64285714] mean: 0.8076719576719575
Nearest Neighborsscores 
[0.75       0.89285714 0.74074074 0.62962963 0.66666667 0.96296296
 0.78571429 0.75       0.75       0.82142857] mean: 0.775
Linear SVMscores 
[1.         0.92857143 0.92592593 0.77777778 0.74074074 0.96296296
 0.82142857 0.89285714 0.82142857 0.78571429] mean: 0.8657407407407408
RBF SVMscores 
[0.96428571 0.85714286 0.81481481 0.77777778 0.74074074 0.96296296
 0.85714286 0.89285714 0.85714286 0.89285714] mean: 0.8617724867724867
Gaussian Processscores 
[0.92857143 0.92857143 0.85185185 0.81481481 0.7037037  1.
 0.82142857 0.85714286 0.75       0.67857143] mean: 0.8334656084656084
Decision Treescores 
[0.89285714 0.85714286 0.85185185 0.74074074 0.77777778 0.92592593
 0.57142857 0.85714286 0.67857143 0.75      ] mean: 0.7903439153439153
Random Forestscores 
[0.78571429 0.82142857 0.88888889 0.77777778 0.77777778 1.
 0.82142857 0.78571429 0.75       0.78571429] mean: 0.8194444444444444
Neural Netscores 
[0.92857143 0.96428571 0.88888889 0.77777778 0.77777778 1.
 0.82142857 0.85714286 0.82142857 0.67857143] mean: 0.8515873015873016
AdaBoostscores 
[0.89285714 0.82142857 0.88888889 0.7037037  0.74074074 1.
 0.78571429 0.92857143 0.67857143 0.75      ] mean: 0.819047619047619
Naive Bayesscores 
[1.         0.89285714 0.77777778 0.66666667 0.74074074 0.88888889
 0.75       0.64285714 0.64285714 0.60714286] mean: 0.7609788359788359
QDAscores 
[1.         0.92857143 0.81481481 0.7037037  0.62962963 0.88888889
 0.64285714 0.82142857 0.60714286 0.67857143] mean: 0.7715608465608466
Nearest Neighborsscores 
[0.75       0.78571429 0.66666667 0.55555556 0.59259259 0.85185185
 0.82142857 0.82142857 0.78571429 0.85714286] mean: 0.7488095238095237
Linear SVMscores 
[1.         0.92857143 0.92592593 0.85185185 0.77777778 0.96296296
 0.85714286 0.89285714 0.78571429 0.82142857] mean: 0.8804232804232803
RBF SVMscores 
[1.         0.96428571 0.77777778 0.92592593 0.74074074 0.92592593
 0.89285714 0.82142857 0.92857143 0.75      ] mean: 0.8727513227513228
Gaussian Processscores 
[0.78571429 0.92857143 0.92592593 0.81481481 0.74074074 0.96296296
 0.82142857 0.82142857 0.75       0.71428571] mean: 0.8265873015873015
Decision Treescores 
[0.96428571 0.96428571 0.81481481 0.77777778 0.81481481 1.
 0.71428571 0.96428571 0.85714286 0.64285714] mean: 0.8514550264550265
Random Forestscores 
[0.78571429 0.85714286 0.81481481 0.88888889 0.77777778 1.
 0.92857143 0.89285714 0.89285714 0.78571429] mean: 0.8624338624338626
Neural Netscores 
[0.75       0.92857143 0.92592593 0.81481481 0.74074074 1.
 0.78571429 0.82142857 0.75       0.67857143] mean: 0.8195767195767196
AdaBoostscores 
[0.71428571 0.96428571 0.74074074 0.74074074 0.81481481 0.96296296
 0.64285714 0.85714286 0.85714286 0.78571429] mean: 0.808068783068783
Naive Bayesscores 
[1.         0.92857143 0.88888889 0.77777778 0.74074074 0.92592593
 0.78571429 0.67857143 0.67857143 0.71428571] mean: 0.8119047619047619
QDAscores 
[1.         0.89285714 0.88888889 0.77777778 0.66666667 0.96296296
 0.78571429 0.85714286 0.75       0.64285714] mean: 0.8224867724867725
Nearest Neighborsscores 
[0.82142857 0.92857143 0.74074074 0.62962963 0.62962963 0.85185185
 0.67857143 0.82142857 0.71428571 0.78571429] mean: 0.7601851851851851
Linear SVMscores 
[0.96428571 0.92857143 0.92592593 0.81481481 0.74074074 0.96296296
 0.85714286 0.92857143 0.78571429 0.82142857] mean: 0.8730158730158731
RBF SVMscores 
[0.96428571 0.92857143 0.77777778 0.88888889 0.81481481 0.88888889
 0.78571429 0.85714286 0.82142857 0.75      ] mean: 0.8477513227513228
Gaussian Processscores 
[0.85714286 0.92857143 0.92592593 0.74074074 0.74074074 0.96296296
 0.78571429 0.85714286 0.75       0.67857143] mean: 0.8227513227513228
Decision Treescores 
[0.71428571 0.89285714 0.7037037  0.55555556 0.62962963 0.92592593
 0.82142857 0.71428571 0.78571429 0.53571429] mean: 0.7279100529100528
Random Forestscores 
[0.82142857 0.96428571 0.85185185 0.77777778 0.77777778 1.
 0.85714286 0.89285714 0.89285714 0.78571429] mean: 0.8621693121693121
Neural Netscores 
[0.75       0.92857143 0.88888889 0.74074074 0.74074074 0.96296296
 0.78571429 0.85714286 0.75       0.67857143] mean: 0.8083333333333333
AdaBoostscores 
[0.67857143 0.82142857 0.88888889 0.74074074 0.74074074 0.96296296
 0.82142857 0.96428571 0.75       0.75      ] mean: 0.8119047619047619
Naive Bayesscores 
[1.         0.92857143 0.85185185 0.74074074 0.74074074 0.92592593
 0.75       0.67857143 0.64285714 0.67857143] mean: 0.7937830687830688
QDAscores 
[1.         0.96428571 0.85185185 0.74074074 0.7037037  0.88888889
 0.67857143 0.82142857 0.67857143 0.60714286] mean: 0.7935185185185185
Nearest Neighborsscores 
[0.82142857 0.85714286 0.77777778 0.62962963 0.59259259 0.88888889
 0.82142857 0.78571429 0.60714286 0.78571429] mean: 0.7567460317460316
Linear SVMscores 
[1.         0.92857143 0.92592593 0.81481481 0.74074074 0.96296296
 0.85714286 0.85714286 0.78571429 0.78571429] mean: 0.8658730158730158
RBF SVMscores 
[0.96428571 0.89285714 0.81481481 0.7037037  0.62962963 0.96296296
 0.82142857 0.89285714 0.82142857 0.78571429] mean: 0.8289682539682539
Gaussian Processscores 
[0.92857143 0.89285714 0.85185185 0.77777778 0.7037037  0.96296296
 0.82142857 0.82142857 0.75       0.67857143] mean: 0.818915343915344
Decision Treescores 
[0.92857143 0.82142857 0.88888889 0.81481481 0.74074074 0.96296296
 0.82142857 0.82142857 0.82142857 0.60714286] mean: 0.822883597883598
Random Forestscores 
[0.85714286 0.96428571 0.92592593 0.81481481 0.66666667 1.
 0.89285714 0.85714286 0.78571429 0.64285714] mean: 0.8407407407407407
Neural Netscores 
[0.96428571 0.89285714 0.85185185 0.7037037  0.7037037  0.96296296
 0.82142857 0.82142857 0.75       0.67857143] mean: 0.8150793650793651
AdaBoostscores 
[0.89285714 0.85714286 0.81481481 0.74074074 0.62962963 1.
 0.75       0.85714286 0.78571429 0.71428571] mean: 0.8042328042328043
Naive Bayesscores 
[1.         0.92857143 0.74074074 0.74074074 0.74074074 0.92592593
 0.78571429 0.67857143 0.64285714 0.64285714] mean: 0.7826719576719577
QDAscores 
[1.         0.96428571 0.77777778 0.66666667 0.62962963 0.92592593
 0.60714286 0.75       0.64285714 0.57142857] mean: 0.7535714285714287
